.Random.seed <-
c(10403L, 10L, 1471754089L, 2059512731L, 1221489322L, 1478876364L, 
909313423L, 146710981L, 191481212L, -2107716142L, -247531187L, 
-240497657L, -188847122L, -1833422136L, 201608651L, 500394025L, 
1847201400L, 1665633190L, -300261951L, 86686291L, -1072631550L, 
1758328884L, 1026105783L, 1628726701L, 1278459588L, 2057048810L, 
-1137203883L, -421422353L, -1431893770L, -2092423136L, -183879197L, 
-1532532095L, 1604257008L, -902906994L, -945187591L, 1938718347L, 
260927162L, -1680481860L, -944409857L, 2061977173L, 1058824556L, 
875594178L, -1711744483L, -1837112681L, -719885314L, -1795545160L, 
1952390043L, 419709433L, 119730504L, 1898179702L, -23520847L, 
1500211171L, 131486898L, -264865532L, -428932537L, 1650599197L, 
96691092L, 1046591290L, -830645371L, 1671336031L, -102763802L, 
1473681776L, 479879827L, -1743324367L, -417076768L, -790581634L, 
-708987639L, 403007291L, 1776770826L, 1039711980L, 409193327L, 
435559589L, -1614512548L, 2000778802L, 678217005L, -36531225L, 
-1114828018L, 1437881576L, 1232097003L, 517201801L, -1007371496L, 
-571511226L, -2135187807L, -1688895181L, -1686777694L, 1865490324L, 
1421921815L, -230827507L, -1505177820L, 1969158922L, 979809909L, 
1023862223L, 1636617942L, 1082552960L, -1344086845L, 1026726497L, 
768643792L, 289580078L, 972016089L, -1354844693L, -733142950L, 
-2039131620L, -484015329L, 1438390133L, -338297332L, 758302690L, 
1953549501L, -174453961L, -126274594L, -1587842792L, 17265787L, 
456100377L, -1997735256L, 219582550L, 1647086801L, 1297078403L, 
-2015802606L, 1188892324L, 581737063L, 165622717L, 1897418036L, 
-589748582L, -1602628379L, 1170548351L, 1392250886L, 953668496L, 
742456883L, 52792785L, -1308397696L, -1644920226L, -1348953687L, 
61880411L, -1884929942L, 1206087948L, -574870705L, -1317070843L, 
-635648324L, 429350802L, 1996958861L, 80976583L, 1350474670L, 
633705992L, 559925771L, 1691937513L, -264555080L, -872009114L, 
961494785L, -895370861L, -60878270L, -1880844812L, 2080772087L, 
1661653997L, 2123873412L, 951894698L, 2080290837L, -1582628689L, 
1268321974L, 141409504L, 1451802659L, -155173055L, 1110868528L, 
370065486L, 1075609785L, 1060181195L, 718887290L, -1038719876L, 
-1605906241L, 1098798485L, 494568876L, 1441382274L, 282461533L, 
261217367L, -156894402L, 296928120L, -1608724389L, -132507719L, 
-375331320L, 1312658614L, -411839503L, -1375420893L, 274947698L, 
-1021614908L, 1757459079L, 126298717L, -1414239148L, -1068325254L, 
-347826747L, -249669857L, -598707546L, -856542160L, 2052875987L, 
-399407887L, -2097496032L, 2007709374L, -2112748855L, -1277216645L, 
958174794L, 973689516L, -334748241L, -1405983387L, -1036578020L, 
1241315186L, -1852290067L, 705125415L, 801580110L, 1525639336L, 
277874347L, -1208552503L, -1194504232L, 1387415174L, -451330207L, 
718631667L, -666120862L, -1453478956L, 1929383639L, -1698564915L, 
2116703332L, 202799690L, 617602997L, -484195569L, -31719402L, 
1772489408L, 2028022915L, -1250756447L, -1094373744L, -1743647378L, 
-10675431L, 1320378283L, -1866433126L, -14868388L, 910081234L, 
-495216640L, 1049312084L, -1403938328L, 1170018298L, -1737765168L, 
-741427924L, 2011529460L, -1231898734L, 88857696L, -503886580L, 
-890847520L, 1708342626L, -2030656856L, 107039308L, 249481084L, 
338545458L, 738260592L, 1426169156L, -412976168L, 1542062202L, 
-1686014416L, 17556156L, 1158334292L, -11783614L, 2044879776L, 
-750755652L, 653040080L, -859085470L, -307393560L, -1735979060L, 
1525651196L, 393916402L, -828228480L, -1701955340L, 123757704L, 
612025658L, -517393584L, 1741110380L, 256037012L, -845940398L, 
1700783840L, -1649418036L, -250466144L, 294171010L, -274231064L, 
1116754156L, 1670017084L, 348377202L, -434063248L, -1706247644L, 
2083607096L, 1425580570L, -982800176L, 1493489212L, 72619156L, 
798704770L, 562098112L, 1658053948L, -1131235696L, -1755673566L, 
1735460872L, -464849780L, 1632507932L, 677495954L, -262124416L, 
475929620L, -893099224L, 1106832442L, 805375184L, 548875372L, 
-60860748L, -2118205422L, 1383206880L, 300987340L, -1032514080L, 
1260911650L, 117912872L, -1631821556L, 1764175420L, -1314941710L, 
1590843632L, 965601092L, -1962037160L, -196502982L, 1842432240L, 
1082053308L, -168058348L, 788004034L, -1209547168L, 1529345404L, 
718789840L, 1293937698L, -1384892248L, 2006056332L, -1937147460L, 
-2048640974L, 1968507712L, -561113420L, 1920250184L, 1579147962L, 
692786960L, 2123008236L, -1731102636L, -463491310L, 1238290848L, 
-900485172L, -802097312L, 523134146L, 745287208L, 447097260L, 
-791370948L, 1270371186L, 748074800L, 1747060772L, -1482121672L, 
101229274L, -1686612080L, -1188205316L, 1874699668L, 750670658L, 
-101099008L, 2099230780L, -1880507824L, 587104418L, 578831176L, 
-903597556L, 770929372L, 1448257618L, 23608448L, 1764151124L, 
971997160L, -1059616006L, 627564368L, 184468524L, -1439186572L, 
1607964306L, -1438311840L, 524826764L, -75364000L, 2019211490L, 
765641896L, -964784436L, -525714948L, -870538318L, 2092252144L, 
-1706526268L, -1431753384L, 1025157498L, -2086807120L, 699466172L, 
-1124770220L, -350492222L, -1503409376L, 587963324L, -676773808L, 
-673119262L, -278206616L, 1514184524L, -1383915780L, 1178189554L, 
-1256203008L, -1570474892L, 1868586504L, 1763089850L, -231504432L, 
1826619372L, -604267628L, 379736274L, 2000817248L, 1947047244L, 
1054395168L, -1218749822L, 1708753384L, 90866668L, 1715217980L, 
-1163755918L, -923339920L, -534131420L, -1646630344L, 636342682L, 
143091152L, -1547029060L, 1715029652L, -1971117438L, 888530368L, 
-1231777988L, -1784958320L, -1191344350L, 143767048L, 693326604L, 
350210972L, -771234798L, -631835776L, 459631380L, 156501288L, 
-1744637894L, 216257488L, 1958136428L, 507218996L, 963082386L, 
-62914208L, 258391372L, -1665634848L, -2047077470L, 1631837096L, 
222661772L, 1151910844L, 1268059250L, 617719792L, -1935567804L, 
-1816033192L, -1359814598L, -556945296L, 1826014780L, -1114011884L, 
-1519461694L, 684630752L, 1058024572L, -143061808L, -1932158046L, 
1775889960L, -664221428L, 1157601212L, 762083634L, 2089312448L, 
-1539499212L, -133310907L, -1657773425L, -1583584248L, -2122315738L, 
-1145927469L, -1895949771L, 209066386L, 524070240L, 89392329L, 
1172363259L, 2094389196L, -1361024422L, -1172027569L, -438241767L, 
-1867107282L, 749431356L, -228423763L, 2092183639L, -655325792L, 
-2033170690L, -2028382773L, -1588943923L, -585734406L, 1598729528L, 
321664737L, 865941907L, 1938424244L, 292414146L, 348299991L, 
-1257635039L, 158073574L, 907379684L, -2111896811L, -1801139393L, 
1785634520L, 1771592438L, -1962539773L, -1798721979L, -685549982L, 
1004244432L, 290155257L, 2041718827L, 1209972636L, -1205729334L, 
-849952577L, -1189883383L, -1022944482L, 1887470284L, -859710819L, 
-48449753L, 678607184L, 698894318L, -1434957669L, -1437728003L, 
-722015766L, 1353028232L, -104848335L, 2040465059L, -502153564L, 
-601211054L, 315954855L, 2026834673L, 688538166L, 220978900L, 
-1912003995L, -1966227345L, -1622781272L, -1339154426L, -1897956045L, 
978153877L, -413250062L, -1075236288L, 2039827369L, 485303835L, 
-60203028L, -714414086L, -2016052177L, 2040626233L, 576425550L, 
17776284L, 689591309L, 63350903L, -1442373504L, -894634274L, 
671182251L, 1387781805L, -934264038L, -112272424L, -374167487L, 
-1431120141L, -576194284L, 1142697122L, -790623817L, -203772543L, 
-367998074L, -1471796796L, 226296053L, 148812127L, 1559247800L, 
1403465366L, -228321117L, 1538155109L, -106379390L, -808633104L, 
1217680537L, 1246088331L, 391615868L, -1145900118L, -1342127137L, 
1326729577L, -1471715970L, -1729256084L, -1812136515L, 1763565191L, 
-1617802640L, -1486991090L, -1033912773L, -689779427L, 2031499210L, 
1388699880L, -1344007215L, -1022126653L, -833663292L, -443673230L, 
-738473913L, 595950609L, 132693398L, 978436340L, -1389974907L, 
629490639L, -790983992L, 806300518L, 950260115L, 1909480181L, 
-40758574L, -1887355616L, -59542263L, -449269189L, -137894004L, 
-1048549862L, -1572569457L, 2115262937L, 870182510L, -1358696964L, 
1809241965L, 358498583L, 49736928L, -1368620354L, -399470453L, 
